latitude0_deg: 42.475164
longitude0_deg: -83.24989
altitude0: 168.5
